6045781143672086
6045781143675816
6045781143650850
6045781143625803
6045781143685534
6045781143648755
6045781143605581
6045781143681418
6045781143660628
6045781143661600
6045781143663127
6045781143661501
6045781143675386
6045781143645611
6045781143676038
6045781143635851
6045781143674470
6045781143604253
6045781143615234
6045781143656253
6045781143661550
6045781143616240
6045781143647575
6045781143674306
6045781143683067
6045781143641685
6045781143677887
6045781143663762
6045781143613817
6045781143640430
6045781143683505
6045781143618386
6045781143636081
6045781143651080
6045781143626835
6045781143637238
6045781143625472
6045781143672516
6045781143673605
6045781143654860
6045781143680147
6045781143673340
6045781143603008
6045781143604303
6045781143640760
6045781143644275
6045781143616158
6045781143630886
6045781143613023
6045781143660586
6045781143644648
6045781143672714
6045781143672128
6045781143607306
6045781143683513
6045781143688728
6045781143634235
6045781143685484
6045781143628567
6045781143667623
6045781143681533
6045781143613635
6045781143607777
6045781143624830
6045781143626504
6045781143666674
6045781143657244
6045781143632056
6045781143631728
6045781143687100
6045781143618170
6045781143613163
6045781143682614
6045781143678471
6045781143612280
6045781143668332
6045781143645280
6045781143680873
6045781143615754
6045781143621182
6045781143638087
6045781143651460
6045781143651767
6045781143637600
6045781143673241
6045781143678547
6045781143604816
6045781143636420
6045781143677028
6045781143658655
6045781143646684
6045781143608460
6045781143622040
6045781143665650
6045781143616828
6045781143653664
6045781143614708
6045781143654555
6045781143638228
6045781143638764
6045781143683430
6045781143634284
6045781143640661
6045781143647088
6045781143686318
6045781143607157
6045781143624368
6045781143604584
6045781143657111
6045781143644135
6045781143627452
6045781143657343
6045781143638145
6045781143613577
6045781143673738
6045781143626652
6045781143655123
6045781143637311
6045781143621133
6045781143655347
6045781143615184
6045781143612140
6045781143616117
6045781143605136
6045781143615176
6045781143630738
6045781143671765
6045781143681202
6045781143644028
6045781143605615
6045781143634821
6045781143673456
6045781143675188
6045781143603875
6045781143634474
6045781143661022
6045781143667276
6045781143665502
6045781143638301
6045781143688355
6045781143670676
6045781143668555
6045781143640182
6045781143606746
6045781143663481
6045781143685450
6045781143601416
6045781143686003
6045781143664067
6045781143622883
6045781143678570
6045781143646551
6045781143618352
6045781143680881
6045781143651221
6045781143618378
6045781143681467
6045781143633310
6045781143608825
6045781143657384
6045781143646882
6045781143602745
6045781143621802
6045781143627874
6045781143625282
6045781143626132
6045781143653177
6045781143675022
6045781143680287
6045781143616737
6045781143628310
6045781143628781
6045781143607173
6045781143661063
6045781143632874
6045781143675162
6045781143634326
6045781143662830
6045781143647245
6045781143687282
6045781143637113
6045781143600780
6045781143670387
6045781143633351
6045781143614211
6045781143602505
6045781143627585
6045781143656287
6045781143607645
6045781143661832
6045781143648714
6045781143673704
6045781143665130
6045781143665833
60457811436600576045781143670080
6045781143644747
6045781143678034
6045781143665387
6045781143601283
6045781143627015
6045781143607330
6045781143631835
6045781143672052
6045781143637865
6045781143614823
6045781143653334
6045781143683315
6045781143671377
6045781143657525
6045781143676178
6045781143642436
6045781143611654
6045781143603685
6045781143645728
6045781143677440
6045781143670437
6045781143685013
6045781143678158
6045781143637758
6045781143678414
6045781143633716
6045781143606183
6045781143632114
6045781143656238
6045781143628724
6045781143635786
6045781143648326
6045781143681053
6045781143666013
6045781143632213
6045781143605664
6045781143647237
6045781143614641
6045781143626215
6045781143666773
6045781143675840
6045781143670684
6045781143650124
6045781143628716
6045781143671583

6045781143640851
6045781143684065
6045781143637162
6045781143661345
6045781143650181
6045781143616257
6045781143601648
6045781143618816
6045781143657442
6045781143664158
6045781143606001
6045781143656733
6045781143630233
6045781143638657
6045781143623311
6045781143663572
6045781143615812
6045781143671054
6045781143685823
6045781143621372
6045781143621141
6045781143641735
6045781143666237
6045781143607025
6045781143625456
6045781143628807
6045781143676160
6045781143640877
6045781143654043
6045781143607884
6045781143683372
6045781143623600
6045781143601051
6045781143615556
6045781143620770
6045781143611365
6045781143671500
6045781143642618
6045781143657723
6045781143687746
6045781143637345
6045781143655230
6045781143645538
6045781143620820
6045781143646460
6045781143687035
6045781143646130
6045781143628518
6045781143638541
6045781143660180
6045781143675436
6045781143614153
6045781143668746
6045781143634755
6045781143667565
6045781143635034
6045781143624210
6045781143661303
6045781143671666
6045781143648748
6045781143607686
6045781143670460
6045781143645124
6045781143660362
6045781143637386
6045781143631207
6045781143643764
6045781143685138
6045781143682135
6045781143617388
6045781143606662
6045781143655248
6045781143633518
6045781143610847
6045781143608668
6045781143668076
6045781143607678
6045781143617636
6045781143634003
6045781143610011
6045781143665585
6045781143617834
6045781143615101
6045781143666708
6045781143658085
6045781143638707
6045781143630282
6045781143655537
6045781143600855
6045781143632536
6045781143637147
6045781143647807
6045781143610466
6045781143618204
6045781143655305
6045781143665536
6045781143627056
6045781143652823
6045781143685542
6045781143628062
6045781143641537
6045781143637642
6045781143624764
6045781143662301
6045781143667250
6045781143656857
6045781143640331
6045781143637816
6045781143682804
6045781143617842
6045781143674223
6045781143682473
6045781143678513
6045781143677101
6045781143626884
6045781143652617
6045781143672243
6045781143651254
6045781143674611
6045781143626413
6045781143628351
6045781143601663
6045781143615515
6045781143683778
6045781143615002
6045781143632684
6045781143614351
6045781143638376
6045781143601523
6045781143662343
6045781143680261
6045781143644200
6045781143662558
6045781143685633
6045781143631546
6045781143656501
6045781143671856
6045781143621521
6045781143643582
6045781143661865
6045781143635471
6045781143605227
6045781143615663
6045781143680121
6045781143676004
6045781143668324
6045781143636305
6045781143652740
6045781143641503
6045781143631314
6045781143683158
6045781143634144
6045781143656816
6045781143603131
6045781143670486
6045781143628682
6045781143686631
6045781143652542
6045781143684636
6045781143614336
6045781143661428
6045781143657277
6045781143665684
6045781143621752
6045781143634615
6045781143608734
6045781143661246
6045781143601366
6045781143645447
6045781143670635
6045781143604758
6045781143675253
6045781143624566
6045781143662723
6045781143636008
6045781143651627
6045781143638137
6045781143622180
6045781143677374
6045781143654415
6045781143661584
6045781143601457
6045781143607108
6045781143615382
6045781143612751
6045781143647658
6045781143686714
6045781143668043
6045781143614740
6045781143664182
6045781143680220
6045781143655545
6045781143621653
6045781143616760
6045781143605771
6045781143625811
6045781143677606
6045781143665726
6045781143620127
6045781143640612
6045781143618477
